 151.94000  -82.53000    1.65060
 152.91000  -82.17000    1.64340
 153.96000  -81.19000    1.62380
 156.53000  -79.01000    1.58020
 157.29000  -79.26000    1.58520
 159.35000  -75.70000    1.51400
 163.27000  -72.23000    1.44460
 170.64000  -65.09000    1.30180
 186.10000  -53.85000    1.07700
 215.43000  -37.03000    1.00000
 273.15000  -16.56000    1.00000
 293.54000  -12.55000    1.00000
 173.15000  -64.32000    1.28640
 223.15000  -37.78000    1.00000
 273.15000  -22.08000    1.00000
 323.15000  -11.02000    1.00000
 373.15000   -4.29000    1.00000
 423.15000    1.16000    1.00000
 473.15000    4.67000    1.00000
 573.15000   11.22000    1.00000
 673.15000   15.29000    1.00000
 298.15000  -16.35000    1.00000
 323.15000  -11.49000    1.00000
 348.15000   -7.48000    1.00000
 373.15000   -4.10000    1.00000
 398.15000   -0.72000    1.00000
 423.15000    2.17000    1.00000
 447.15000    3.72000    1.00000
 273.15000  -21.13000    1.00000
 298.15000  -15.49000    1.00000
 323.15000  -11.06000    1.00000
 348.15000   -7.14000    1.00000
 373.15000   -3.89000    1.00000
 398.15000   -1.08000    1.00000
 423.15000    1.42000    1.00000
 273.15000  -21.45000    1.00000
 298.15000  -15.76000    1.00000
 323.15000  -11.24000    1.00000
 348.15000   -7.25000    1.00000
 373.15000   -4.00000    1.00000
 398.15000   -1.18000    1.00000
 423.15000    1.38000    1.00000
 273.15000  -22.41000    0.20000
 323.15000  -11.20000    0.20000
 373.15000   -4.34000    0.20000
 423.15000    1.01000    0.20000
 473.15000    5.28000    0.20000
 573.15000   10.77000    0.20000
 673.15000   15.74000    0.20000
 773.15000   17.76000    0.20000
 873.15000   19.48000    0.20000
 303.20000  -13.20000    1.80000
 333.20000   -9.30000    1.30000
 363.20000   -4.30000    2.20000
 248.15000  -28.25000    1.00000
 223.15000  -37.09000    1.00000
 203.15000  -45.99000    1.00000
 188.15000  -54.27000    1.08540
 173.15000  -64.24000    1.28480
 163.15000  -72.87000    1.45740
 150.65000  -85.58000    1.71160
 148.15000  -88.29000    1.76580
 153.15000  -82.54000    1.65080
 248.15000  -28.57000    1.00000
 223.15000  -37.43000    1.00000
 203.15000  -46.52000    1.00000
 188.15000  -54.83000    1.09660
 173.15000  -65.21000    1.30420
 163.15000  -73.25000    1.46500
 153.15000  -82.97000    1.65940
 150.65000  -85.63000    1.71260
 148.15000  -88.45000    1.76900
 143.15000  -94.42000    1.88840
 138.15000 -100.88000    2.01760
 133.15000 -107.98000    2.15960
 573.16000    9.79000    1.00000
 673.16000   13.10000    1.00000
 773.16000   16.01000    1.00000
 923.16000   18.85000    1.00000
1073.16000   19.93000    1.00000
1223.16000   21.05000    1.00000
  90.00000 -231.00000    2.00000
  84.79000 -249.34000    3.74010
  88.34000 -229.89000    3.44835
  92.30000 -211.79000    3.17685
  95.06000 -200.87000    3.01305
 101.40000 -178.73000    2.68095
 102.01000 -177.65000    2.66475
 105.51000 -166.06000    2.49090
 108.15000 -160.27000    2.40405
 113.32000 -149.58000    2.24370
 117.50000 -140.58000    2.10870
 123.99000 -127.99000    1.91985
 273.15000  -23.10000    2.00000
 298.15000  -16.50000    2.00000
 323.15000  -10.90000    2.00000
 143.15000  -94.69000    1.89380
 163.15000  -73.20000    1.46400
 203.15000  -46.35000    1.00000
 273.15000  -21.18000    1.00000
  80.43000 -285.10000   10.00000
  81.95000 -272.90000    3.00000
  84.23000 -268.50000    3.00000
  87.12000 -245.90000    1.00000
  88.85000 -235.90000    1.00000
  92.78000 -216.90000    1.00000
  94.75000 -207.30000    1.00000
  97.65000 -194.80000    1.00000
 102.08000 -179.10000    1.00000
 105.89000 -167.80000    1.00000
 108.07000 -161.50000    1.00000
 120.00000 -134.30000    1.00000
 129.56000 -114.90000    1.00000
 144.60000  -93.18000    1.00000
 146.05000  -92.08000    1.00000
 157.41000  -80.34000    1.00000
 190.52000  -52.85000    1.00000
 303.20000  -15.05000    1.00000
 373.20000   -4.10000    1.00000
 473.20000    5.05000    1.00000
 573.20000   10.77000    1.00000
 673.20000   14.25000    1.00000
 773.20000   17.07000    1.00000
  84.03000 -264.30000    5.28600
  85.96000 -250.20000    5.00400
  88.94000 -233.50000    4.67000
  89.57000 -228.20000    4.56400
  93.59000 -209.70000    4.19400
  97.69000 -193.60000    3.87200
 102.79000 -175.80000    3.51600
 107.93000 -161.10000    3.22200
 113.97000 -146.00000    2.92000
 122.38000 -127.30000    2.54600
 124.70000 -123.50000    2.47000
 130.96000 -112.70000    2.25400
 140.04000  -99.10000    1.98200
 159.72000  -77.10000    1.54200
 179.85000  -60.70000    1.21400
 209.94000  -43.70000    1.00000
 241.04000  -30.90000    1.00000
 271.39000  -21.90000    1.00000
 223.15000  -37.30000    0.25000
 273.15000  -20.90000    0.09000
 323.15000  -10.82000    0.07000
 288.20000  -17.95000    1.00000
 296.00000  -16.07000    1.00000
 303.20000  -14.69000    1.00000
 313.20000  -12.82000    1.00000
 323.10000  -11.10000    1.00000
 322.85000  -15.80000    1.00000
 143.15000  -94.04000    0.56000
 158.15000  -77.87000    0.52000
 183.15000  -56.48000    0.18000
 300.00000  -15.80000    1.00000
 443.00000    4.20000    1.00000
 478.00000    6.70000    1.00000
 533.00000   10.20000    1.00000
 585.00000   11.60000    1.00000
 635.00000   14.40000    1.00000
 684.00000   16.10000    1.00000
 731.00000   16.00000    1.00000
 777.00000   17.50000    1.00000
 831.00000   19.10000    1.00000
 876.00000   19.80000    1.00000
 924.00000   21.00000    1.00000
 975.00000   22.30000    1.00000
1024.00000   23.20000    1.00000
 101.20200 -176.03000    0.65000
 116.42100 -138.28000    0.05000
 138.22400 -101.05000    0.09000
 300.00000  -15.40000    2.00000
 320.00000  -12.10000    2.00000
 340.00000   -8.90000    2.00000
 370.00000   -4.60000    2.00000
 400.00000   -1.00000    2.00000
 430.00000    1.90000    2.00000
 460.00000    4.20000    2.00000
 490.00000    5.80000    2.00000
 520.00000    7.00000    2.00000
 550.00000    7.80000    2.00000
 200.50000  -47.70000    2.00000
 210.90000  -42.40000    2.00000
 231.50000  -34.10000    2.00000
 251.50000  -27.40000    2.00000
 273.20000  -21.60000    2.00000
  77.30000 -303.00000   30.30000
  87.20000 -239.00000   23.90000
  90.20000 -224.00000   22.40000
 273.20000  -21.60000    3.00000
 283.20000  -18.60000    3.00000
 293.20000  -16.40000    3.00000
 303.20000  -14.30000    3.00000
 313.20000  -12.50000    3.00000
 323.20000  -11.00000    3.00000
 326.00000  -10.90000    4.00000
 416.00000    0.60000    4.00000
 485.00000    7.00000    4.00000
 553.00000   10.40000    4.00000
 620.00000   12.50000    4.00000
 713.00000   15.90000    4.00000
 202.50000  -47.30000    4.00000
 217.90000  -39.00000    4.00000
 233.10000  -32.90000    4.00000
 264.20000  -22.70000    4.00000
 295.20000  -15.80000    4.00000
 332.80000   -8.80000    4.00000
 367.00000   -5.30000    4.00000
 401.90000   -0.80000    4.00000
 431.30000    1.80000    4.00000
 466.20000    4.00000    4.00000
 499.90000    6.00000    4.00000
  75.00000 -313.80000    1.00000
  80.00000 -276.70000    1.00000
  90.00000 -221.40000    0.80000
 100.00000 -182.10000    0.80000
 110.00000 -152.90000    0.60000
 125.00000 -121.00000    0.40000
 150.00000  -86.00000    0.20000
 200.00000  -47.90000    0.10000
 250.00000  -27.70000    0.10000
 300.00000  -15.20000    0.10000
 400.00000   -0.90000    0.10000
 500.00000    7.00000    0.10000
 600.00000   11.80000    0.10000
 700.00000   15.10000    0.10000
 110.00000 -152.70000    1.30000
 120.00000 -130.70000    0.60000
 130.00000 -113.00000    0.30000
 135.00000 -105.40000    0.30000
 140.00000  -98.50000    0.30000
 143.00000  -94.70000    0.30000
 146.00000  -91.00000    0.30000
 148.00000  -88.70000    0.30000
 150.70000  -85.70000    0.30000
 153.00000  -83.20000    0.30000
 155.00000  -81.20000    0.30000
 157.00000  -79.20000    0.30000
 160.00000  -76.30000    0.30000
 165.00000  -71.80000    0.30000
 170.00000  -67.60000    0.30000
 175.00000  -63.80000    0.30000
 180.00000  -60.20000    0.30000
 190.00000  -53.70000    0.30000
 200.00000  -48.00000    0.30000
 220.00000  -38.50000    0.30000
 250.00000  -27.70000    0.30000
 265.00000  -23.40000    0.30000
 280.00000  -19.60000    0.30000
 295.00000  -16.30000    0.30000
 310.00000  -13.30000    0.30000
 325.00000  -10.70000    0.30000
 340.00000   -8.30000    0.30000
 110.00000 -153.60000    0.50000
 120.00000 -130.90000    0.40000
 130.00000 -112.90000    0.40000
 140.00000  -97.20000    0.30000
 145.00000  -92.20000    0.30000
 150.00000  -86.70000    0.20000
 155.00000  -81.40000    0.20000
 160.00000  -76.40000    0.20000
 175.00000  -63.80000    0.20000
 190.00000  -53.70000    0.20000
 205.00000  -45.50000    0.20000
 220.00000  -38.60000    0.20000
 250.00000  -27.90000    0.10000
 295.00000  -16.40000    0.10000
 355.00000   -6.40000    0.10000
 400.00000   -1.10000    0.10000
 450.00000    3.30000    0.10000
