 289.20000 -124.80000   15.00000
 288.20000 -131.90000   15.00000
 273.15000 -151.18000    3.02360
 298.20000 -123.56000    2.47120
 303.05000 -119.45000    2.38900
 304.19000 -118.37000    2.36740
 305.23000 -117.29000    2.34580
 313.25000 -110.83000    2.21660
 322.86000 -103.52000    2.07040
 348.41000  -86.68000    1.73360
 372.92000  -73.68000    1.47360
 398.46000  -62.20000    1.24400
 412.98000  -55.76000    1.11520
 418.20000  -54.02000    1.08040
 423.29000  -52.23000    1.04460
 273.15000 -148.60000   15.00000
 294.15000 -127.00000   15.00000
 304.15000 -120.80000   15.00000
 294.15000 -126.00000   15.00000
 203.83000 -330.00000    6.60000
 206.63000 -316.00000    6.32000
 207.72000 -313.00000    6.26000
 209.03000 -302.00000    6.04000
 210.12000 -300.00000    6.00000
 211.60000 -286.00000    5.72000
 223.75000 -226.00000    4.52000
 225.63000 -229.00000    4.58000
 226.47000 -225.00000    4.50000
 229.96000 -212.00000    4.24000
 230.93000 -216.00000    4.32000
 231.79000 -213.00000    4.26000
 233.34000 -210.00000    4.20000
 235.05000 -198.00000    3.96000
 244.93000 -175.00000    3.50000
 273.15000 -142.00000    2.84000
 295.21000 -125.20000   15.00000
 273.15000 -156.36000    1.56360
 323.15000 -102.63000    1.02630
 373.15000  -71.85000    0.71850
 423.15000  -50.59000    0.75885
 473.15000  -34.08000    0.51120
 573.15000  -13.48000    0.20220
 673.15000   -1.58000    0.02370
 773.15000    6.05000    0.09075
 873.15000   12.11000    0.18165
 303.15000 -117.70000   15.00000
 303.15000 -117.90000   15.00000
 303.15000 -116.40000    4.60000
 333.15000  -96.70000    4.60000
 363.15000  -75.90000    4.00000
 213.20000 -310.00000    7.00000
 223.20000 -302.00000   15.00000
 233.20000 -266.00000   11.00000
 248.20000 -204.00000   12.00000
 273.20000 -168.00000    8.00000
 303.20000 -127.00000   13.00000
 298.15000 -125.70000   15.00000
 303.15000 -119.30000   15.00000
 323.15000 -104.30000   15.00000
 348.15000  -85.10000   15.00000
 373.15000  -73.90000   15.00000
 398.15000  -59.40000   15.00000
 423.15000  -52.60000   15.00000
 298.20000 -124.60000    2.49200
 310.90000 -112.70000    2.25400
 323.20000 -103.00000    2.06000
 344.30000  -88.80000    1.77600
 377.60000  -70.70000    1.41400
 398.20000  -61.20000    1.22400
 410.90000  -56.50000    1.13000
 444.30000  -44.60000    1.00000
 477.50000  -34.90000    1.00000
 510.90000  -26.40000    1.00000
 298.15000 -127.00000    5.00000
 262.65000 -159.90000    3.19800
 273.15000 -147.40000    2.94800
 283.15000 -136.70000    2.73400
 299.65000 -120.50000    2.41000
 309.65000 -111.30000    2.22600
 323.15000 -100.70000    2.01400
 333.15000  -93.90000    1.87800
 343.15000  -87.10000    1.74200
 353.15000  -80.90000    1.61800
 363.15000  -75.30000    1.50600
 373.15000  -69.50000    1.39000
 423.15000  -46.30000    1.00000
 473.15000  -29.10000    1.00000
 423.20000  -52.40000    1.04800
 473.20000  -36.70000    1.00000
 523.20000  -25.10000    1.00000
 573.20000  -16.30000    1.00000
 623.20000   -9.40000    1.00000
 673.20000   -3.70000    1.00000
 723.20000    0.90000    1.00000
 773.20000    4.80000    1.00000
 373.15000  -77.50000   15.00000
 348.15000  -81.80000    1.63600
 373.15000  -69.80000    1.39600
 398.15000  -61.40000    1.22800
 263.20000 -159.80000    3.19600
 273.20000 -147.40000    2.94800
 293.20000 -125.60000    2.51200
 298.20000 -121.80000    2.43600
 313.20000 -108.40000    2.16800
 333.20000  -93.20000    1.86400
 353.20000  -80.90000    1.61800
 373.20000  -70.20000    1.40400
 398.20000  -58.40000    1.16800
 288.20000 -137.10000    1.00000
 296.00000 -129.10000    1.00000
 303.20000 -122.20000    1.00000
 313.20000 -112.00000    1.00000
 323.10000 -103.10000    1.00000
 322.85000 -109.30000    4.40000
 273.15000 -150.07000    0.30000
 323.15000 -102.25000    0.30000
 348.15000  -85.42000    0.30000
 373.15000  -71.85000    0.30000
 398.15000  -60.69000    0.30000
 423.15000  -51.41000    0.30000
 220.00000 -248.20000   10.00000
 230.00000 -223.30000   10.00000
 240.00000 -202.40000   10.00000
 250.00000 -184.50000   10.00000
 260.00000 -169.00000   10.00000
 270.00000 -155.40000    2.00000
 273.15000 -151.40000    2.00000
 280.00000 -143.30000    2.00000
 290.00000 -132.50000    2.00000
 298.15000 -124.50000    2.00000
 300.00000 -122.70000    2.00000
 310.00000 -113.90000    2.00000
 320.00000 -105.80000    2.00000
 330.00000  -98.50000    2.00000
 340.00000  -91.70000    2.00000
 350.00000  -85.50000    2.00000
 360.00000  -79.70000    2.00000
 370.00000  -74.40000    2.00000
 380.00000  -69.50000    2.00000
 390.00000  -64.80000    2.00000
 400.00000  -60.50000    2.00000
 410.00000  -56.50000    2.00000
 420.00000  -52.80000    2.00000
 430.00000  -49.30000    2.00000
 440.00000  -45.90000    2.00000
 450.00000  -42.80000    2.00000
 460.00000  -39.90000    2.00000
 470.00000  -37.20000    2.00000
 480.00000  -34.60000    2.00000
 490.00000  -32.10000    2.00000
 500.00000  -29.80000    2.00000
 510.00000  -27.60000    2.00000
 520.00000  -25.50000    2.00000
 530.00000  -23.50000    2.00000
 540.00000  -21.60000    2.00000
 550.00000  -19.90000    2.00000
 560.00000  -18.20000    2.00000
 570.00000  -16.50000    2.00000
 580.00000  -15.00000    2.00000
 590.00000  -13.50000    2.00000
 600.00000  -12.10000    2.00000
 610.00000  -10.80000    2.00000
 620.00000   -9.50000    2.00000
 630.00000   -8.30000    2.00000
 640.00000   -7.10000    2.00000
 650.00000   -6.00000    2.00000
 660.00000   -5.00000    2.00000
 670.00000   -3.90000    2.00000
 680.00000   -2.90000    2.00000
 690.00000   -2.00000    2.00000
 700.00000   -1.10000    2.00000
 710.00000   -0.20000    2.00000
 720.00000    0.60000    2.00000
 730.00000    1.40000    2.00000
 740.00000    2.20000    2.00000
 750.00000    2.90000    2.00000
 760.00000    3.70000    2.00000
 770.00000    4.40000    2.00000
 780.00000    5.00000    2.00000
 790.00000    5.70000    2.00000
 800.00000    6.30000    2.00000
 810.00000    6.90000    2.00000
 820.00000    7.50000    2.00000
 830.00000    8.00000    2.00000
 840.00000    8.60000    2.00000
 850.00000    9.10000    2.00000
 860.00000    9.60000    2.00000
 870.00000   10.10000    2.00000
 880.00000   10.60000    2.00000
 890.00000   11.00000    2.00000
 900.00000   11.50000    2.00000
 910.00000   11.90000    2.00000
 920.00000   12.30000    2.00000
 930.00000   12.70000    2.00000
 940.00000   13.10000    2.00000
 950.00000   13.50000    2.00000
 960.00000   13.90000    2.00000
 970.00000   14.20000    2.00000
 980.00000   14.60000    2.00000
 990.00000   14.90000    2.00000
1000.00000   15.30000    2.00000
1010.00000   15.60000    2.00000
1020.00000   15.90000    2.00000
1030.00000   16.20000    2.00000
1040.00000   16.50000    2.00000
1050.00000   16.80000    2.00000
1060.00000   17.10000    2.00000
1070.00000   17.30000    2.00000
1080.00000   17.60000    2.00000
1090.00000   17.90000    2.00000
1100.00000   18.10000    2.00000
 213.00000 -245.90000    6.00000
 223.00000 -221.30000    6.00000
 242.00000 -183.50000    6.00000
 262.00000 -155.90000    6.00000
 276.00000 -141.00000    6.00000
 295.00000 -126.00000    6.00000
 295.00000 -126.00000    4.00000
 330.00000  -98.00000    4.00000
 365.00000  -76.80000    4.00000
 400.00000  -58.00000    4.00000
 425.00000  -47.50000    4.00000
 450.00000  -40.70000    4.00000
 475.00000  -34.60000    4.00000
