 199.63000 -572.00000   57.20000
 201.66000 -566.00000   56.60000
 203.09000 -550.00000   55.00000
 205.04000 -532.00000   53.20000
 206.98000 -518.00000   51.80000
 209.56000 -503.00000   50.30000
 211.71000 -479.00000   47.90000
 218.15000 -454.00000   45.40000
 219.42000 -446.00000   44.60000
 221.45000 -436.00000   43.60000
 222.90000 -426.00000   42.60000
 224.21000 -414.00000   41.40000
 225.98000 -406.00000   40.60000
 230.57000 -390.00000   39.00000
 232.96000 -381.00000   38.10000
 235.68000 -369.00000   36.90000
 237.07000 -361.00000   36.10000
 237.64000 -358.00000   35.80000
 238.92000 -352.00000   35.20000
 240.24000 -343.00000   34.30000
 242.71000 -334.00000   33.40000
 245.27000 -328.00000   32.80000
 248.96000 -320.00000   32.00000
 273.15000 -258.00000   25.80000
 273.20000 -191.00000   19.10000
 293.20000 -158.00000   15.80000
 313.20000 -133.00000   15.00000
 200.00000 -595.00000   30.00000
 210.00000 -501.00000   30.00000
 220.00000 -425.00000   30.00000
 230.00000 -362.00000   30.00000
 240.00000 -310.00000   25.00000
 250.00000 -268.00000   25.00000
 260.00000 -233.00000   10.00000
 270.00000 -204.00000   10.00000
 280.00000 -181.00000    5.00000
 290.00000 -162.00000    5.00000
 300.00000 -147.00000    5.00000
 310.00000 -135.00000    5.00000
