 191.86000 -498.00000   49.80000
 193.65000 -487.00000   48.70000
 201.61000 -446.00000   44.60000
 201.17000 -443.00000   44.30000
 211.33000 -404.00000   40.40000
 213.34000 -395.00000   39.50000
 222.58000 -360.00000   36.00000
 224.50000 -354.00000   35.40000
 233.41000 -325.00000   32.50000
 236.67000 -316.00000   31.60000
 244.70000 -293.00000   29.30000
 247.00000 -287.00000   28.70000
 257.09000 -262.00000   26.20000
 259.03000 -258.00000   25.80000
 273.20000 -227.50000   22.75000
 298.15000 -191.00000   19.10000
 323.15000 -160.00000   16.00000
 348.15000 -139.00000   15.00000
 373.15000 -122.00000   15.00000
 398.15000 -108.00000   15.00000
 423.15000  -94.00000   15.00000
 448.15000  -86.00000   15.00000
 473.15000  -77.00000   15.00000
 498.15000  -71.00000   15.00000
 523.15000  -60.00000   15.00000
 273.15000 -223.00000    4.46000
 298.15000 -187.00000    3.74000
 323.15000 -157.00000    3.14000
 310.94000 -164.90000    3.29800
 344.27000 -132.50000    2.65000
 377.60000 -110.00000    2.20000
 410.94000  -90.40000    1.80800
 444.27000  -74.20000    1.48400
 477.60000  -59.90000    1.19800
 510.94000  -47.40000    1.00000
 291.95000 -220.00000   50.00000
 319.25000 -190.00000   50.00000
 329.45000 -140.00000   50.00000
 341.35000 -170.00000   50.00000
 350.75000 -140.00000   50.00000
 303.15000 -175.80000   17.58000
 323.15000 -146.40000   15.00000
 323.15000 -144.80000   15.00000
 333.15000 -139.90000   15.00000
 343.15000 -135.30000   15.00000
 348.15000 -125.00000   15.00000
 358.15000 -121.50000   15.00000
 363.15000 -115.80000   15.00000
 373.15000 -111.00000   15.00000
 383.15000 -105.30000   15.00000
 393.15000  -98.30000   15.00000
 398.15000 -103.30000   15.00000
 413.15000  -89.10000   15.00000
 423.15000  -83.50000   15.00000
 273.15000 -221.46000    4.42920
 298.14000 -185.61000    3.71220
 322.75000 -156.91000    3.13820
 347.65000 -133.29000    2.66580
 372.52000 -114.06000    2.28120
 397.84000  -97.72000    1.95440
 422.70000  -83.91000    1.67820
 273.20000 -221.46000    4.42920
 298.20000 -184.65000    3.69300
 323.20000 -157.67000    3.15340
 348.20000 -134.92000    2.69840
 373.20000 -115.45000    2.30900
 398.20000  -99.28000    1.98560
 423.20000  -84.92000    1.69840
 273.20000 -222.20000    4.44400
 298.20000 -186.90000    3.73800
 323.20000 -157.50000    3.15000
 377.60000 -109.40000    2.18800
 410.90000  -89.60000    1.79200
 444.30000  -74.00000    1.48000
 477.60000  -61.60000    1.23200
 510.90000  -51.00000    1.02000
 273.15000 -221.00000    4.00000
 293.15000 -191.00000    4.00000
 308.15000 -170.00000    4.00000
 323.15000 -152.00000    4.00000
 215.00000 -340.63000    3.40630
 240.00000 -276.50000    1.10600
 273.15000 -223.41000    0.22341
 288.20000 -203.30000    1.00000
 296.00000 -191.50000    1.00000
 303.20000 -181.50000    1.00000
 313.20000 -168.40000    1.00000
 323.10000 -156.10000    1.00000
 296.10000 -188.00000   -1.88000
 307.60000 -172.00000   -1.72000
 333.60000 -144.30000   -1.44300
 353.40000 -126.20000   -1.26200
 373.70000 -111.90000   -1.11900
 394.20000  -98.70000   -0.98700
 413.60000  -88.10000   -0.88100
 433.80000  -78.40000   -0.78400
 453.60000  -69.10000   -0.69100
 473.80000  -62.60000   -0.62600
 493.30000  -54.10000   -0.54100
 273.15000 -222.20000    4.44400
 298.15000 -185.80000    3.71600
 303.15000 -179.40000    3.58800
 323.15000 -156.70000    3.13400
 348.15000 -133.00000    2.66000
 373.15000 -113.60000    2.27200
 398.15000  -97.30000    1.94600
 423.15000  -83.60000    1.67200
 448.15000  -71.70000    1.43400
 473.15000  -61.50000    1.23000
 498.15000  -52.40000    1.04800
 523.15000  -44.50000    1.00000
 548.15000  -37.30000    1.00000
 573.15000  -30.90000    1.00000
 598.15000  -25.00000    1.00000
 623.15000  -19.60000    1.00000
 209.53400 -368.66000    4.59000
 238.76900 -287.05000    0.26000
 254.80700 -252.05000    0.99000
 273.15000 -219.38000    0.09000
 306.06200 -175.27000    0.56000
 199.40000 -422.00000    2.00000
 210.80000 -374.00000    2.00000
 231.40000 -313.00000    2.00000
 251.20000 -262.00000    2.00000
 296.00000 -192.00000   19.20000
 353.20000 -132.60000   15.00000
 392.80000 -104.30000   15.00000
 432.10000  -85.00000   15.00000
 472.30000  -68.00000   15.00000
 510.60000  -54.50000   15.00000
 323.15000 -156.10000    1.50000
 348.15000 -132.40000    1.50000
 373.15000 -111.40000    1.50000
 398.15000  -98.00000    1.40000
 423.15000  -85.70000    1.30000
 448.15000  -72.40000    1.20000
 473.15000  -62.40000    1.10000
 200.00000 -419.20000    4.00000
 225.00000 -328.40000    3.00000
 250.00000 -264.90000    2.00000
 275.00000 -218.00000    2.00000
 300.00000 -182.10000    2.00000
 325.00000 -153.80000    2.00000
 350.00000 -130.80000    1.00000
 375.00000 -111.90000    1.00000
 223.41000 -322.50000   15.00000
 239.77000 -281.00000    8.00000
 259.87000 -240.20000    3.00000
 280.45000 -206.80000    2.00000
 300.48000 -180.20000    2.00000
 312.45000 -166.60000    2.00000
 330.17000 -148.70000    4.00000
 350.76000 -130.90000    6.00000
 256.71000 -258.60000    9.00000
 256.71000 -259.00000    6.00000
 269.19000 -214.00000    3.00000
 269.19000 -214.00000    2.00000
 282.84000 -198.70000    3.00000
 282.84000 -201.00000    6.00000
 298.32000 -184.40000    3.00000
 298.32000 -184.00000    2.00000
 298.35000 -184.40000    3.00000
 298.35000 -181.00000    2.00000
 305.45000 -177.20000    2.00000
 305.45000 -177.00000    3.00000
 322.96000 -155.10000    1.00000
 322.96000 -155.30000    1.00000
 273.20000 -221.40000    1.00000
 293.20000 -190.90000    1.00000
 313.20000 -166.30000    1.00000
 333.20000 -146.10000    1.00000
 356.20000 -128.80000    1.00000
 273.15000 -222.00000   11.10000
 273.16000 -222.20000    2.00000
 273.16000 -222.80000    2.00000
 294.27000 -204.00000   20.00000
 298.15000 -185.40000    1.00000
 298.16000 -190.50000   10.00000
 298.16000 -184.90000    2.00000
 298.16000 -187.10000    2.00000
 299.83000 -195.00000   20.00000
 303.15000 -178.90000    1.00000
 305.38000 -185.30000   15.00000
 310.94000 -180.10000   15.00000
 310.94000 -165.80000   10.00000
 311.10000 -171.40000   15.00000
 316.49000 -176.30000   10.00000
 323.15000 -156.20000    1.00000
 323.16000 -159.30000   10.00000
 323.16000 -157.80000    1.00000
 323.16000 -158.30000    1.00000
 327.60000 -162.80000   10.00000
 344.27000 -144.20000   10.00000
 344.27000 -134.20000   10.00000
 344.49000 -137.00000   15.00000
 348.15000 -132.50000    1.00000
 348.16000 -136.90000   10.00000
 348.16000 -135.00000    1.00000
 360.94000 -125.00000   10.00000
 372.38000 -107.10000   10.00000
 373.15000 -113.10000    1.00000
 373.16000 -118.60000   10.00000
 373.16000 -115.50000    1.00000
 377.60000 -110.90000   10.00000
 377.60000 -109.80000   10.00000
 394.05000  -99.60000   10.00000
 394.27000  -93.00000   10.00000
 398.15000  -96.80000    0.50000
 398.16000 -102.30000   10.00000
 398.16000  -99.70000    1.00000
 410.94000  -89.90000    8.00000
 423.15000  -83.10000    0.50000
 423.16000  -88.60000   10.00000
 423.16000  -85.50000    1.00000
 444.27000  -73.00000    5.00000
 448.15000  -71.10000    0.50000
 448.16000  -78.00000   10.00000
 473.15000  -60.70000    0.50000
 473.16000  -71.10000   10.00000
 477.60000  -58.70000    5.00000
 498.15000  -51.70000    0.50000
 498.16000  -63.60000   10.00000
 510.94000  -46.20000    5.00000
 523.15000  -43.50000    0.50000
 523.16000  -56.50000   10.00000
 548.15000  -36.30000    0.40000
 573.15000  -29.60000    0.40000
 598.15000  -23.40000    0.40000
 623.15000  -17.90000    0.40000
 290.00000 -195.70000    2.00000
 300.00000 -182.60000    2.00000
 310.00000 -168.90000    2.00000
 298.15000 -185.80000    1.50000
 298.15000 -185.70000    1.50000
 298.15000 -185.80000    0.50000
 298.15000 -185.70000    0.50000
 298.15000 -185.70000    1.00000
 298.15000 -184.20000    1.70000
 298.20000 -183.60000    3.80000
 323.20000 -154.20000    3.50000
 348.20000 -131.30000    3.30000
 373.20000 -111.10000    3.10000
 398.20000  -94.90000    3.00000
 299.30000 -190.00000    1.00000
 301.39000 -190.00000    2.00000
 324.05000 -157.00000    3.00000
 345.03000 -132.00000    4.00000
 365.46000 -117.00000    4.00000
 300.00000 -182.70000    1.00000
 320.00000 -159.30000    1.00000
 311.10000 -171.40000   17.00000
 344.49000 -137.00000   14.00000
 372.38000 -107.10000   11.00000
 394.05000  -99.60000   10.00000
 320.00000 -159.40000    0.20000
 323.15000 -156.30000    0.10000
 348.15000 -132.80000    0.20000
 373.15000 -113.50000    0.10000
 398.15000  -97.30000    0.10000
 423.15000  -83.90000    0.10000
 448.15000  -72.00000    0.10000
 473.15000  -61.80000    0.10000
 423.15000  -86.30000    0.50000
 293.15000 -191.10000    5.00000
 293.15000 -194.10000    5.00000
 293.15000 -194.10000    6.00000
