 298.15000   -9.84000    1.00000
 273.15000  -16.44000    1.00000
 298.15000   -9.98000    1.00000
 295.21000   -8.43000    1.00000
 273.15000  -14.19000    1.00000
 298.15000   -8.28000    1.00000
 323.15000   -3.40000    1.00000
 348.15000    0.90000    1.00000
 373.15000    4.49000    1.00000
 398.15000    7.52000    1.00000
 423.15000   10.04000    1.00000
 273.15000  -13.65000    1.00000
 298.15000   -7.95000    1.00000
 323.15000   -3.29000    1.00000
 348.15000    1.06000    1.00000
 373.15000    4.57000    1.00000
 398.15000    7.67000    1.00000
 423.15000   10.16000    1.00000
  90.67000 -233.00000    5.00000
 323.20000   -3.70000    1.00000
 423.20000    9.60000    1.00000
 473.20000   14.50000    1.00000
 513.20000   17.30000    1.00000
 573.20000   20.50000    1.00000
 295.00000   -9.00000    3.00000
 330.00000   -4.30000    3.00000
 365.00000    0.30000    3.00000
 400.00000    5.00000    3.00000
 425.00000    7.50000    3.00000
 450.00000    9.60000    3.00000
 475.00000   11.00000    3.00000
 213.00000  -35.00000    6.00000
 223.00000  -30.50000    6.00000
 242.00000  -22.80000    6.00000
 262.00000  -16.50000    6.00000
 272.00000  -13.00000    6.00000
 295.00000   -9.00000    6.00000
 120.00000 -127.80000    0.40000
 140.00000  -94.70000    0.50000
 160.00000  -71.50000    0.60000
 180.00000  -54.80000    0.70000
 200.00000  -42.00000    0.80000
 220.00000  -32.30000    0.20000
 240.00000  -24.30000    0.30000
 260.00000  -17.50000    0.30000
 280.00000  -12.00000    0.40000
 295.00000   -9.00000    0.40000
 300.00000   -7.20000    0.40000
 330.00000   -4.30000    0.50000
 400.00000    5.00000    0.60000
 450.00000    9.60000    0.60000
