 321.70000 -2731.00000  273.10000
 331.90000 -1988.00000  198.80000
 336.90000 -1687.00000  168.70000
 343.40000 -1697.00000  169.70000
 344.10000 -1357.00000  135.70000
 351.30000 -1325.00000  132.50000
 360.90000 -1154.00000  115.40000
 371.00000 -926.00000   92.60000
 381.70000 -675.00000   67.50000
 399.40000 -523.00000   52.30000
 313.15000 -2134.00000  100.00000
 333.15000 -1285.00000  100.00000
 353.15000 -938.00000  100.00000
 373.15000 -723.00000    5.00000
 393.15000 -578.00000    5.00000
 333.20000 -1522.00000  152.20000
 353.20000 -941.00000   94.10000
 373.20000 -687.00000   68.70000
 308.15000 -2210.00000   66.00000
 333.90000 -1266.00000   50.00000
 338.10000 -1185.00000   50.00000
 343.90000 -1086.00000   45.00000
 353.90000 -942.00000   40.00000
 363.80000 -826.00000   35.00000
 393.30000 -586.00000   35.00000
 412.20000 -484.00000   30.00000
 348.34000 -1051.00000   42.00000
 360.91000 -866.00000   36.00000
 365.27000 -832.00000   35.00000
 370.32000 -736.00000   32.00000
 376.57000 -702.00000   31.00000
 383.94000 -630.00000   29.00000
 389.60000 -603.00000   28.00000
 390.07000 -596.00000   28.00000
 395.80000 -552.00000   27.00000
 412.52000 -466.00000   24.00000
 413.82000 -463.00000   24.00000
 415.31000 -463.00000   24.00000
 415.36000 -467.00000   24.00000
 439.24000 -375.00000   21.00000
 433.81000 -356.00000   21.00000
 443.92000 -355.00000   21.00000
 450.43000 -337.00000   20.00000
 469.66000 -286.00000   19.00000
 477.19000 -278.00000   18.00000
 486.40000 -257.00000   18.00000
 486.60000 -258.00000   18.00000
 502.63000 -230.00000   17.00000
 506.97000 -224.00000   17.00000
 517.33000 -211.00000   16.00000
 546.40000 -175.00000   24.00000
 551.42000 -165.00000   15.00000
 343.15000 -1336.00000   37.00000
 343.15000 -1331.00000   37.00000
 353.15000 -1021.00000   30.00000
 353.15000 -1023.00000   31.00000
 363.15000 -878.00000   28.00000
 363.15000 -863.00000   27.00000
 360.00000 -990.00000  100.00000
 371.00000 -860.00000   90.00000
 402.00000 -600.00000   60.00000
 424.00000 -510.00000   50.00000
 449.00000 -440.00000   40.00000
 474.00000 -370.00000   40.00000
 373.07000 -965.00000  202.00000
 388.17000 -625.00000   86.00000
 398.15000 -569.00000   27.00000
 400.81000 -583.00000   75.00000
 423.15000 -378.00000   22.00000
 448.15000 -280.00000   24.00000
 473.15000 -196.00000   67.00000
