 319.30000 -1424.30000  142.43000
 329.80000 -1316.00000  131.60000
 335.00000 -1251.10000  125.11000
 340.00000 -1189.10000  118.91000
 340.10000 -1172.60000  117.26000
 345.50000 -1093.40000  109.34000
 350.80000 -1064.70000  106.47000
 350.90000 -1045.80000  104.58000
 351.40000 -1038.60000  103.86000
 351.40000 -1022.80000  102.28000
 360.60000 -933.30000   93.33000
 378.90000 -730.20000   73.02000
 392.80000 -626.60000   62.66000
 404.80000 -525.80000   52.58000
 313.15000 -1463.00000  100.00000
 333.15000 -926.00000  100.00000
 353.15000 -701.00000  100.00000
 373.15000 -543.00000    5.00000
 393.15000 -433.00000    5.00000
 350.00000 -900.00000   90.00000
 371.00000 -660.00000   66.00000
 402.00000 -470.00000   47.00000
 424.20000 -400.00000   40.00000
 448.70000 -370.00000   37.00000
 474.10000 -320.00000   32.00000
 323.20000 -1144.00000  114.40000
 333.20000 -1033.00000  103.30000
 348.20000 -886.00000   88.60000
 373.20000 -691.00000   69.10000
 398.20000 -546.00000   54.60000
 423.20000 -412.00000   41.20000
 313.20000 -2079.00000  207.90000
 333.20000 -1079.00000  107.90000
 353.20000 -752.00000   75.20000
 373.20000 -542.00000   54.20000
 423.16000 -323.00000    2.00000
 423.16000 -318.00000    2.00000
 448.16000 -258.80000    0.70000
 448.16000 -258.20000    0.40000
 473.16000 -220.50000    0.50000
 473.16000 -220.00000    1.30000
 473.16000 -216.90000    0.20000
 473.16000 -218.10000    0.30000
 498.16000 -181.20000    0.40000
 498.16000 -180.70000    0.50000
 523.16000 -156.60000    0.40000
 523.16000 -155.90000    0.10000
 573.16000 -113.10000    0.40000
 573.16000 -117.20000    0.40000
 298.15000 -2075.00000  104.00000
 323.15000 -1185.00000   53.00000
 348.15000 -737.00000   30.00000
 373.15000 -535.00000   19.00000
 398.15000 -413.00000   15.00000
 423.15000 -321.00000   10.00000
 448.15000 -251.00000    8.00000
 473.15000 -185.00000    6.00000
 310.00000 -1483.00000   60.00000
 315.00000 -1349.00000   50.00000
 320.00000 -1230.00000   45.00000
 330.00000 -1031.00000   40.00000
 340.00000 -873.00000   35.00000
 360.00000 -643.00000   30.00000
 338.20000 -884.00000   17.00000
 343.20000 -822.00000   16.00000
 348.20000 -767.00000   15.00000
 353.20000 -718.00000   14.00000
 363.20000 -631.00000   12.00000
 373.20000 -560.00000   11.00000
 398.20000 -427.00000    9.00000
 423.20000 -337.00000    7.00000
 373.00000 -504.20000   20.00000
 400.00000 -380.20000   20.00000
 422.00000 -307.10000   20.00000
 450.00000 -263.10000   20.00000
 474.00000 -202.80000   20.00000
 493.00000 -173.70000   20.00000
 528.00000 -142.20000   20.00000
 583.00000  -94.60000   20.00000
 628.00000  -75.50000   20.00000
