 271.80000 -176.34000   17.63400
 273.06000 -170.09000   17.00900
 283.33000 -165.40000   16.54000
 293.34000 -152.54000   15.25400
 181.13000 -428.00000   42.80000
 191.32000 -381.00000   38.10000
 193.01000 -374.00000   37.40000
 201.88000 -339.00000   33.90000
 203.46000 -333.00000   33.30000
 209.92000 -312.00000   31.20000
 212.22000 -305.00000   30.50000
 220.13000 -280.00000   28.00000
 223.12000 -275.00000   27.50000
 230.30000 -255.00000   25.50000
 232.38000 -250.00000   25.00000
 240.87000 -232.00000   23.20000
 242.86000 -229.00000   22.90000
 250.57000 -212.00000   21.20000
 252.99000 -207.00000   20.70000
 262.08000 -192.00000   19.20000
 273.20000 -176.00000   17.60000
 273.15000 -162.90000   16.29000
 294.15000 -153.50000   15.35000
 294.15000 -147.70000   15.00000
 273.15000 -162.39000    3.24780
 298.15000 -135.79000    2.71580
 323.15000 -113.65000    2.27300
 348.15000  -95.48000    1.90960
 373.15000  -80.57000    1.61140
 398.15000  -69.20000    1.38400
 423.15000  -59.58000    1.19160
 198.77000 -314.60000   31.46000
 223.22000 -250.90000   25.09000
 223.23000 -250.50000   25.05000
 273.15000 -181.10000   18.11000
 273.15000 -170.70000   17.07000
 343.10000 -109.50000   15.00000
 273.15000 -167.84000    3.35680
 298.15000 -140.33000    2.80660
 323.15000 -117.97000    2.35940
 348.15000  -99.74000    1.99480
 373.15000  -84.92000    1.69840
 398.15000  -72.34000    1.44680
 423.15000  -62.29000    1.24580
 298.15000 -140.55000    2.81100
 323.15000 -118.07000    2.36140
 348.15000  -99.90000    1.99800
 373.15000  -85.11000    1.70220
 398.15000  -72.61000    1.45220
 423.15000  -62.07000    1.24140
 295.51000 -147.00000   15.00000
 299.80000 -145.00000    4.00000
 323.40000 -124.00000    4.00000
 337.00000 -108.00000    4.00000
 288.70000 -142.10000    3.00000
 273.15000 -172.80000    0.30000
 273.15000 -161.40000    0.30000
 283.15000 -150.90000    0.30000
 299.65000 -134.80000    0.30000
 313.15000 -123.30000    0.30000
 323.15000 -115.10000    0.30000
 333.15000 -108.00000    0.30000
 343.15000 -101.20000    0.30000
 353.15000  -95.00000    0.30000
 363.15000  -88.60000    0.30000
 373.15000  -83.20000    0.30000
 423.15000  -59.80000    0.30000
 473.15000  -42.90000    0.30000
 273.15000 -156.30000    3.12600
 283.15000 -144.90000    2.89800
 293.15000 -136.70000    2.73400
 303.15000 -128.50000    2.57000
 313.15000 -120.70000    2.41400
 323.15000 -113.60000    2.27200
 313.15000 -116.10000   15.00000
 373.15000  -84.90000   15.00000
 373.15000  -87.50000   15.00000
 273.15000 -168.70000    3.37400
 275.00000 -166.40000    3.32800
 280.00000 -160.40000    3.20800
 285.00000 -154.50000    3.09000
 290.00000 -148.90000    2.97800
 295.00000 -143.50000    2.87000
 298.15000 -140.20000    2.80400
 300.00000 -138.30000    2.76600
 305.00000 -133.40000    2.66800
 310.00000 -128.70000    2.57400
 315.00000 -124.20000    2.48400
 320.00000 -119.90000    2.39800
 325.00000 -115.80000    2.31600
 330.00000 -112.00000    2.24000
 335.00000 -108.30000    2.16600
 340.00000 -104.80000    2.09600
 345.00000 -101.40000    2.02800
 350.00000  -98.20000    1.96400
 355.00000  -95.10000    1.90200
 360.00000  -92.20000    1.84400
 365.00000  -89.40000    1.78800
 370.00000  -86.60000    1.73200
 375.00000  -84.00000    1.68000
 380.00000  -81.50000    1.63000
 385.00000  -79.00000    1.58000
 390.00000  -76.60000    1.53200
 395.00000  -74.30000    1.48600
 400.00000  -72.00000    1.44000
 405.00000  -69.80000    1.39600
 410.00000  -67.60000    1.35200
 415.00000  -65.50000    1.31000
 420.00000  -63.30000    1.26600
 425.00000  -61.30000    1.22600
 298.15000 -145.60000    4.80000
 323.15000 -120.40000    1.30000
 348.15000 -100.80000    1.10000
 298.15000 -152.50000    5.00000
 323.15000 -122.10000    2.40000
 348.15000 -101.50000    0.80000
 199.70000 -317.43000    0.32000
 209.20000 -288.51000    0.34000
 224.00000 -250.52000    0.36000
 233.20000 -233.01000    0.37000
 248.20000 -206.54000    0.40000
 273.20000 -173.06000    0.42000
 296.70000 -147.31000    0.46000
 343.10000 -109.73000    0.46000
 273.15000 -168.30000    3.36600
 279.15000 -160.80000    3.21600
 283.65000 -154.60000    3.09200
 285.65000 -152.30000    3.04600
 289.15000 -148.40000    2.96800
 293.15000 -144.20000    2.88400
 298.15000 -139.30000    2.78600
 303.15000 -134.50000    2.69000
 323.15000 -117.00000    2.34000
 348.15000 -100.40000    2.00800
 373.15000  -84.90000    1.69800
 398.15000  -72.10000    1.44200
 423.15000  -61.40000    1.22800
 238.15000 -220.90000    4.41800
 243.15000 -212.00000    4.24000
 248.15000 -203.50000    4.07000
 253.15000 -195.50000    3.91000
 258.15000 -188.10000    3.76200
 263.15000 -180.90000    3.61800
 268.15000 -174.10000    3.48200
 273.15000 -167.60000    3.35200
 278.15000 -161.60000    3.23200
 282.35000 -156.70000    3.13400
 283.15000 -155.70000    3.11400
 288.15000 -150.30000    3.00600
 293.15000 -144.90000    2.89800
 298.15000 -139.80000    2.79600
 303.15000 -135.00000    2.70000
 323.15000 -117.70000    2.35400
 348.15000  -99.70000    1.99400
 373.15000  -84.80000    1.69600
 398.15000  -72.30000    1.44600
 423.15000  -61.60000    1.23200
 448.15000  -52.40000    1.04800
 243.60000 -212.70000    1.50000
 247.10000 -206.50000    1.50000
 251.10000 -199.90000    1.50000
 254.30000 -194.90000    1.50000
 258.90000 -188.10000    1.50000
 266.60000 -177.50000    1.50000
 270.40000 -172.60000    1.50000
 273.80000 -168.30000    1.50000
 278.80000 -162.20000    1.50000
 283.10000 -157.20000    1.50000
 288.80000 -150.70000    1.50000
 292.60000 -146.50000    1.50000
 223.15000 -249.20000    1.00000
 233.15000 -233.00000    1.00000
 243.15000 -211.60000    1.00000
 253.15000 -194.70000    1.00000
 263.15000 -180.60000    1.00000
 273.15000 -167.50000    1.00000
 256.97000 -202.80000    4.00000
 256.97000 -207.20000    2.60000
 268.87000 -186.20000    4.00000
 268.87000 -187.60000    4.00000
 282.60000 -155.70000    8.00000
 282.60000 -152.80000    3.00000
 298.32000 -139.70000    4.00000
 298.32000 -142.20000    1.30000
 318.04000 -123.10000    6.00000
 318.04000 -123.20000    6.00000
 273.15000 -167.70000    0.20000
 298.15000 -139.80000    0.20000
 323.15000 -117.60000    0.20000
 348.16000  -99.60000    0.20000
 373.16000  -84.60000    0.20000
 398.16000  -72.10000    0.20000
 423.17000  -61.30000    0.20000
 448.17000  -52.20000    0.20000
 273.16000 -166.40000    3.00000
 298.16000 -138.30000    2.50000
 313.16000 -120.50000    6.00000
 323.16000 -116.90000    2.00000
 348.16000  -99.00000    2.00000
 373.16000  -83.60000    4.00000
 373.16000  -83.80000    4.00000
 373.16000  -84.60000    2.00000
 398.16000  -72.20000    1.50000
 423.16000  -61.00000    1.00000
 283.15000 -155.80000    2.10000
 288.15000 -150.30000    2.00000
 293.15000 -145.30000    2.00000
 298.15000 -140.20000    1.90000
 303.00000 -135.20000    1.90000
 323.15000 -118.00000    1.70000
 348.15000 -100.00000    1.50000
 373.15000  -85.10000    1.40000
 283.15000 -155.50000    8.80000
 293.15000 -144.60000    8.20000
 303.15000 -134.70000    7.70000
 313.15000 -126.00000    7.30000
 323.15000 -117.90000    6.90000
 333.15000 -109.70000    6.50000
 290.00000 -147.10000    1.50000
 300.00000 -136.50000    1.50000
 310.00000 -126.50000    1.50000
 293.15000 -144.60000    3.40000
 293.15000 -146.30000    3.50000
 293.15000 -140.20000    2.40000
 323.15000 -118.50000    2.20000
 348.15000  -99.90000    2.00000
 373.15000  -84.40000    1.80000
 398.15000  -71.10000    1.70000
 423.15000  -61.20000    1.60000
 298.15000 -140.60000    0.40000
 298.15000 -140.40000    0.50000
 298.18000 -147.60000   15.00000
 323.28000 -121.00000   13.00000
 348.17000 -102.80000   12.00000
 373.12000  -82.10000   10.00000
 298.20000 -138.90000    3.40000
 323.20000 -115.20000    3.20000
 348.20000  -98.40000    3.00000
 373.20000  -82.80000    2.80000
 398.20000  -71.40000    2.70000
 310.00000 -128.50000    0.60000
 423.15000  -61.90000    0.50000
 473.15000  -43.50000    0.30000
 398.15000  -72.00000    0.30000
 398.15000  -72.00000    0.30000
