 273.15000  -53.91000    1.07820
 293.15000  -48.68000    1.00000
 273.15000  -54.07000    1.08140
 298.15000  -43.38000    1.00000
 323.15000  -34.72000    1.00000
 348.15000  -27.87000    1.00000
 373.15000  -21.74000    1.00000
 398.15000  -16.09000    1.00000
 423.15000  -11.46000    1.00000
 273.15000  -53.86000    1.07720
 298.15000  -43.34000    1.00000
 323.15000  -34.62000    1.00000
 348.15000  -27.73000    1.00000
 373.15000  -21.58000    1.00000
 398.15000  -16.36000    1.00000
 423.15000  -11.62000    1.00000
 423.15000  -11.40000    1.00000
 448.15000   -7.50000    1.00000
 473.15000   -4.00000    1.00000
 498.15000   -0.90000    1.00000
 523.15000    1.90000    1.00000
 548.15000    4.50000    1.00000
 573.15000    6.80000    1.00000
 150.00000 -169.10000   16.91000
 200.00000 -100.10000   15.00000
 250.00000  -63.14000   15.00000
 300.00000  -43.32000   15.00000
 350.00000  -26.80000   15.00000
 400.00000  -15.33000   15.00000
 450.00000   -3.91000   15.00000
 303.15000  -38.20000    1.00000
 323.15000  -35.20000    1.00000
 333.15000  -33.90000    1.00000
 343.15000  -28.50000    1.00000
 363.15000  -22.70000    1.00000
 383.15000  -19.70000    1.00000
 273.15000  -53.43000    1.06860
 298.15000  -43.03000    1.00000
 323.15000  -34.42000    1.00000
 348.15000  -27.29000    1.00000
 373.15000  -21.26000    1.00000
 398.15000  -15.99000    1.00000
 423.15000  -11.41000    1.00000
 273.15000  -53.62000    1.07240
 298.15000  -43.26000    1.00000
 323.15000  -34.58000    1.00000
 348.15000  -27.45000    1.00000
 373.15000  -21.26000    1.00000
 398.15000  -15.93000    1.00000
 423.15000  -11.24000    1.00000
 108.45000 -364.99000   36.49900
 108.45000 -361.54000   36.15400
 125.20000 -267.97000   26.79700
 125.20000 -268.92000   26.89200
 149.10000 -188.04000   18.80400
 149.10000 -187.64000   18.76400
 186.40000 -126.10000   15.00000
 186.40000 -126.20000   15.00000
 223.60000  -82.62000   15.00000
 223.60000  -82.69000   15.00000
 249.30000  -68.53000   15.00000
 249.30000  -68.38000   15.00000
 273.20000  -54.10000    1.08200
 444.30000   -8.10000    1.00000
 447.60000   -3.60000    1.00000
 510.90000    0.00000    1.00000
 144.28000 -221.00000    2.00000
 172.05000 -153.50000    1.00000
 199.83000 -107.80000    2.00000
 227.60000  -81.70000    1.00000
 255.38000  -63.30000    1.00000
 283.16000  -49.10000    2.00000
 273.15000  -53.35000    0.20000
 298.15000  -42.82000    0.20000
 303.15000  -40.91000    0.20000
 323.15000  -34.23000    0.20000
 348.15000  -27.06000    0.20000
 373.15000  -21.00000    0.20000
 398.15000  -15.87000    0.20000
 423.15000  -11.40000    0.20000
 448.15000   -7.56000    0.20000
 473.15000   -4.16000    0.20000
 498.15000   -1.16000    0.20000
 523.15000    1.49000    0.20000
 548.15000    3.89000    0.20000
 573.15000    5.98000    0.20000
 598.15000    7.88000    0.20000
 623.15000    9.66000    0.20000
 131.93000 -224.00000   20.16000
 191.06000 -116.31000    1.16310
 200.00000 -106.12000    1.06120
 215.00000  -92.59000    0.37036
 240.00000  -72.72000    0.21816
 273.15000  -53.28000    0.10656
 110.83000 -330.10000    6.60200
 112.43000 -319.90000    6.39800
 114.45000 -307.80000    6.15600
 116.79000 -295.50000    5.91000
 121.25000 -274.50000    5.49000
 128.84000 -244.30000    4.88600
 136.75000 -218.90000    4.37800
 148.28000 -187.70000    3.75400
 162.29000 -158.40000    3.16800
 178.41000 -132.20000    2.64400
 202.49000 -103.40000    2.06800
 221.10000  -85.80000    1.71600
 243.80000  -70.30000    1.40600
 273.17000  -53.70000    1.07400
 288.20000  -46.20000    1.00000
 296.00000  -43.13000    1.00000
 303.20000  -40.40000    1.00000
 313.20000  -37.00000    1.00000
 323.10000  -33.80000    1.00000
 298.15000  -42.88000    1.50000
 323.15000  -33.22000    1.00000
 348.15000  -26.54000    1.10000
 298.15000  -42.70000    2.30000
 323.15000  -33.46000    0.30000
 348.15000  -25.69000    0.90000
 296.10000  -44.50000    1.00000
 308.00000  -39.50000    1.00000
 333.50000  -29.80000    1.00000
 353.80000  -23.80000    1.00000
 374.00000  -19.40000    1.00000
 393.90000  -15.40000    1.00000
 413.80000  -11.50000    1.00000
 434.00000   -8.00000    1.00000
 453.40000   -5.00000    1.00000
 473.50000   -3.00000    1.00000
 493.00000   -1.00000    1.00000
 511.10000    0.50000    1.00000
 279.80000  -52.90000    1.40000
 322.50000  -35.80000    2.30000
 373.40000  -21.80000    1.00000
 155.89000 -167.95000    0.60000
 167.67000 -146.55000    0.40000
 181.86000 -125.70000    0.40000
 192.64000 -112.85000    0.20000
 204.61000 -100.15000    0.20000
 218.87000  -87.15000    0.20000
 234.05000  -75.90000    0.20000
 248.54000  -66.50000    0.20000
 263.08000  -58.35000    0.20000
 291.41000  -45.50000    0.20000
 126.58400 -242.27000    0.72000
 135.99400 -215.20000    0.12000
 147.58300 -185.00000    0.94000
 158.90900 -161.51000    0.23000
 173.48500 -137.63000    0.15000
 191.09700 -114.29000    0.25000
 300.00000  -42.80000    2.00000
 320.00000  -35.20000    2.00000
 340.00000  -28.90000    2.00000
 370.00000  -21.30000    2.00000
 400.00000  -15.00000    2.00000
 430.00000   -9.60000    2.00000
 460.00000   -5.30000    2.00000
 490.00000   -2.00000    2.00000
 520.00000    0.60000    2.00000
 550.00000    2.50000    2.00000
 200.50000 -106.00000    2.00000
 231.20000  -79.60000    2.00000
 251.50000  -65.20000    2.00000
 273.00000  -54.70000    2.00000
 160.00000 -160.37000    0.50000
 180.00000 -128.45000    0.30000
 186.00000 -120.61000    0.30000
 189.00000 -116.93000    0.30000
 190.55000 -115.08000    0.30000
 193.00000 -112.26000    0.30000
 196.00000 -108.91000    0.30000
 200.00000 -104.66000    0.30000
 207.00000  -97.71000    0.30000
 220.00000  -86.30000    0.30000
 240.00000  -71.76000    0.30000
 260.00000  -59.98000    0.30000
 200.00000 -104.70000    0.30000
 225.00000  -82.20000    0.30000
 240.00000  -71.60000    0.28000
 250.00000  -65.40000    0.25000
 275.00000  -52.40000    0.20000
 300.00000  -41.90000    0.20000
 325.00000  -33.40000    0.15000
 350.00000  -26.40000    0.10000
 375.00000  -20.40000    0.10000
 273.00000  -53.37000    0.80000
 273.00000  -53.41000    0.80000
 298.00000  -42.77000    0.80000
 298.00000  -42.88000    0.80000
 273.15000  -53.20000    1.00000
 285.65000  -47.58000    1.00000
 298.15000  -42.60000    1.00000
 323.15000  -33.90000    1.00000
 348.15000  -26.70000    1.00000
 373.15000  -20.70000    1.00000
 398.15000  -15.50000    1.00000
 423.15000  -11.10000    1.00000
 298.15000  -42.87000    0.10000
 323.15000  -34.26000    0.10000
 348.15000  -27.11000    0.08000
 373.16000  -21.10000    0.08000
 398.17000  -15.97000    0.08000
 423.18000  -11.54000    0.10000
 473.21000   -4.31000    0.15000
 498.23000   -1.31000    0.15000
 523.25000    1.36000    0.15000
 548.26000    3.75000    0.15000
 573.15000    5.90000    0.10000
 598.29000    7.86000    0.10000
 623.30000    9.64000    0.08000
 648.31000   11.25000    0.08000
 673.31000   12.75000    0.08000
 300.00000  -42.43000    0.01000
 320.00000  -35.32000    0.02000
