 473.15000 -196.70000    3.93400
 523.15000 -145.30000    2.90600
 573.15000 -112.00000    2.24000
 623.15000  -89.10000    1.78200
 673.15000  -72.60000    1.45200
 723.15000  -59.90000    1.19800
 323.15000 -838.30000   16.76600
 373.15000 -451.00000    9.02000
 423.15000 -283.50000    5.67000
 523.20000 -150.80000    1.00000
 523.20000 -148.80000    1.00000
 623.20000  -91.20000    1.00000
 623.20000  -92.30000    1.00000
 723.20000  -59.93000    1.00000
 723.20000  -59.96000    1.00000
 353.15000 -844.40000   16.88800
 373.15000 -453.60000    9.07200
 423.15000 -283.30000    5.66600
 473.15000 -196.10000    3.92200
 523.15000 -145.40000    2.90800
 573.15000 -112.90000    2.25800
 623.15000  -90.20000    1.80400
 673.15000  -72.40000    1.44800
 723.15000  -60.60000    1.21200
 773.15000  -50.40000    1.00800
 823.15000  -42.00000    1.00000
 873.15000  -35.20000    1.00000
 923.15000  -29.40000    1.00000
 973.15000  -24.60000    1.00000
1023.15000  -20.50000    1.00000
1073.15000  -17.00000    1.00000
1123.15000  -14.10000    1.00000
1173.15000  -11.60000    1.00000
 423.13000 -334.00000   14.00000
 423.14000 -326.00000   14.00000
 448.12000 -263.00000   14.00000
 448.12000 -264.00000    7.00000
 473.17000 -209.00000   14.00000
 473.18000 -209.00000   42.00000
 473.12000 -215.00000   21.00000
 498.16000 -178.40000    9.10000
 498.16000 -181.70000   21.00000
 523.17000 -152.50000    1.40000
 523.18000 -151.80000    2.10000
 548.18000 -133.20000    1.40000
 548.18000 -133.00000    0.70000
 548.19000 -133.30000    0.70000
 573.14000 -117.90000    2.10000
 573.14000 -117.10000    0.70000
 598.17000 -103.50000    0.70000
 598.17000 -103.60000    0.70000
 623.15000  -92.38000    1.89000
 623.14000  -91.64000    0.77000
 648.12000  -81.78000    0.63000
 648.16000  -82.30000    1.61000
 673.15000  -73.47000    0.49000
 673.16000  -73.26000    0.63000
 698.21000  -65.92000    0.70000
 698.21000  -65.74000    0.56000
 723.19000  -59.36000    0.42000
 723.19000  -59.25000    0.63000
 293.15000 -1251.50000  250.30000
 303.15000 -1073.30000  214.66000
 323.15000 -812.20000  162.44000
 348.15000 -599.20000  119.84000
 373.15000 -459.80000   91.96000
 398.15000 -364.00000   72.80000
 423.15000 -295.40000   59.08000
 448.15000 -244.60000   48.92000
 473.15000 -206.00000   41.20000
 498.15000 -175.80000   35.16000
 548.15000 -132.40000   30.00000
 598.15000 -102.90000   30.00000
 648.15000  -82.00000   30.00000
 698.15000  -66.40000   30.00000
 748.15000  -54.50000   30.00000
 798.15000  -45.10000   30.00000
 848.15000  -37.50000   30.00000
 898.15000  -31.30000   30.00000
 948.15000  -26.20000   30.00000
 998.15000  -21.80000   30.00000
1048.15000  -18.10000   30.00000
1098.15000  -14.90000   30.00000
1148.15000  -12.10000   30.00000
1198.15000   -9.70000   30.00000
1248.15000   -7.60000   30.00000
 348.15000 -590.30000   15.00000
 360.65000 -515.00000   10.00000
 373.15000 -484.50000   40.00000
 373.15000 -452.70000    8.00000
 373.15000 -451.00000   17.70000
 385.65000 -400.90000    6.70000
 398.15000 -360.00000   38.00000
 398.15000 -357.60000    5.40000
 398.15000 -356.80000   13.40000
 410.65000 -320.90000    4.40000
 423.15000 -301.70000   35.00000
 423.15000 -289.90000    3.50000
 423.15000 -288.10000   10.30000
 435.65000 -263.10000    2.70000
 448.15000 -250.30000   30.00000
 448.15000 -248.90000   26.00000
 448.15000 -240.00000    2.10000
 448.15000 -240.60000    3.60000
 460.65000 -220.30000    1.80000
 460.65000 -221.20000    2.40000
 473.15000 -206.60000   25.00000
 473.15000 -200.10000   20.00000
 473.15000 -203.30000    1.60000
 473.15000 -203.00000    1.90000
 485.65000 -188.00000    1.40000
 485.65000 -188.10000    1.90000
 498.15000 -176.70000   20.00000
 498.15000 -176.70000   16.00000
 498.15000 -174.40000    1.20000
 498.15000 -174.20000    1.50000
 523.15000 -151.80000    1.30000
 548.15000 -133.00000    1.00000
 573.15000 -117.30000    0.90000
 598.15000 -103.40000    0.80000
 623.15000  -97.10000    0.70000
 380.56000 -374.00000   80.00000
 392.34000 -350.30000   80.00000
 404.47000 -321.20000   75.00000
 425.25000 -267.00000   75.00000
 447.24000 -227.90000   70.00000
 470.94000 -186.80000   70.00000
 483.56000 -172.80000   65.00000
 503.01000 -157.70000   65.00000
 503.01000 -151.10000   60.00000
 524.03000 -136.80000   60.00000
 423.15000 -274.00000    6.00000
 423.15000 -276.00000    6.00000
 448.15000 -240.00000    5.00000
 448.15000 -239.00000    5.00000
 473.15000 -200.90000    1.00000
 473.15000 -200.60000    1.00000
 498.15000 -171.10000    0.50000
 498.15000 -172.00000    0.50000
 523.15000 -149.70000    0.20000
 523.15000 -149.90000    0.20000
 548.15000 -130.80000    0.20000
 548.15000 -130.80000    0.20000
 573.15000 -115.80000    0.30000
 573.15000 -115.90000    0.30000
 573.15000 -115.60000    0.30000
 598.15000 -102.00000    0.30000
 598.15000 -102.00000    0.30000
 623.15000  -91.40000    0.20000
 623.15000  -91.20000    0.20000
 648.15000  -82.00000    0.20000
 648.15000  -81.80000    0.20000
 673.15000  -73.40000    0.20000
 673.15000  -73.50000    0.20000
 698.15000  -66.70000    0.20000
 698.15000  -66.40000    0.20000
 723.15000  -60.10000    0.10000
 723.15000  -60.00000    0.10000
 748.15000  -54.70000    0.10000
 748.15000  -54.60000    0.10000
 773.15000  -49.90000    0.20000
 773.15000  -49.80000    0.20000
