  55.74000  -26.95000    1.00000
  60.33000  -22.60000    1.00000
  68.45000  -15.50000    1.00000
  77.88000   -9.69000    1.00000
  90.34000   -5.39000    1.00000
 109.01000    0.41000    1.00000
 133.27000    5.14000    1.00000
 169.58000    8.82000    1.00000
 273.15000   13.02000    1.00000
 373.15000   14.17000    1.00000
  15.89000 -244.90000   24.49000
  17.69000 -168.60000   16.86000
  20.52000 -143.00000   15.00000
 273.15000   14.00000    1.00000
 293.15000   14.47000    1.00000
 323.15000   15.17000    1.00000
 373.15000   15.58000    1.00000
  65.25000  -18.36000    1.00000
  90.15000   -5.54000    1.00000
 123.15000    2.95000    1.00000
 173.15000    9.16000    1.00000
 223.15000   12.10000    1.00000
 273.15000   14.00000    1.00000
 323.15000   15.17000    1.00000
 373.15000   15.58000    1.00000
 473.15000   15.71000    1.00000
  14.57000 -245.60000   24.56000
  15.71000 -216.80000   21.68000
  16.72000 -194.00000   19.40000
  18.23000 -170.50000   17.05000
  18.29000 -170.10000   17.01000
  20.60000 -141.40000   15.00000
  20.62000 -140.20000   15.00000
  69.93000  -17.01000   15.00000
  90.30000   -8.16000   15.00000
 273.15000   14.05000    1.00000
 293.15000   14.59000    1.00000
 298.15000   14.71000    1.00000
 323.15000   15.05000    1.00000
 348.15000   15.39000    1.00000
 373.53000   15.54000    1.00000
 398.35000   15.74000    1.00000
 423.25000   15.54000    1.00000
 448.15000   15.41000    1.00000
 273.16000   13.58000   15.00000
 293.16000   14.16000   15.00000
 373.16000   15.39000   15.00000
  24.84000 -108.62000   15.00000
  31.82000  -76.48000   15.00000
  36.60000  -57.05000   15.00000
  41.64000  -45.55000   15.00000
  47.62000  -34.54000   15.00000
 298.15000   14.60000   15.00000
 298.15000   14.71000    1.00000
 323.15000   15.25000    1.00000
 348.15000   15.45000    1.00000
 373.15000   15.63000    1.00000
 398.15000   15.81000    1.00000
 423.15000   15.95000    1.00000
 447.15000   15.92000    1.00000
 273.15000   14.64000    1.00000
 298.15000   13.65000    1.00000
  20.87000 -136.50000   15.00000
  24.11000 -110.30000   15.00000
  27.65000  -90.20000   15.00000
  32.43000  -70.10000   15.00000
  37.08000  -56.00000   15.00000
  41.64000  -45.60000   15.00000
  46.45000  -37.20000   15.00000
 273.15000   13.71000    1.00000
 298.15000   13.81000    1.00000
 323.15000   14.21000    1.00000
 348.15000   14.76000    1.00000
 373.15000   14.72000    1.00000
 398.15000   14.94000    1.00000
 423.15000   15.10000    1.00000
 273.15000   13.50000    1.00000
 298.15000   13.58000    1.00000
 323.15000   13.86000    1.00000
 348.15000   14.14000    1.00000
 373.15000   14.52000    1.00000
 398.15000   14.34000    1.00000
 423.15000   14.50000    1.00000
 273.15000   13.81000    1.00000
 298.15000   14.12000    1.00000
 323.15000   14.55000    1.00000
 348.15000   14.90000    1.00000
 373.15000   15.16000    1.00000
 398.15000   15.37000    1.00000
 423.15000   15.59000    1.00000
 303.20000   14.10000    1.70000
  20.40000 -152.00000    1.00000
  98.15000   -2.99000    1.00000
 103.15000   -1.60000    1.00000
 113.15000   -0.80000    1.00000
 123.15000    2.68000    1.00000
 138.15000    5.03000    1.00000
 153.15000    6.98000    1.00000
 173.15000    8.93000    1.00000
 198.15000   10.79000    1.00000
 223.15000   12.05000    1.00000
 248.15000   13.03000    1.00000
 273.15000   13.74000    1.00000
 298.15000   14.37000    1.00000
 323.15000   14.92000    1.00000
 348.15000   15.38000    1.00000
 373.15000   15.67000    1.00000
 398.15000   15.86000    1.00000
 423.15000   16.08000    1.00000
  14.00000 -255.00000   25.50000
  15.00000 -232.00000   23.20000
  16.00000 -212.00000   21.20000
  17.00000 -196.00000   19.60000
  18.00000 -181.00000   18.10000
  19.00000 -168.00000   16.80000
  20.00000 -156.00000   15.60000
  21.00000 -146.00000   15.00000
  20.47000 -151.30000    3.02600
  20.53000 -150.80000    3.01600
  20.58000 -150.20000    3.00400
  34.46000  -72.40000    1.44800
  36.21000  -67.20000    1.34400
  39.17000  -59.60000    1.19200
  39.36000  -59.40000    1.18800
  14.00000 -253.00000   25.30000
  15.00000 -229.00000   22.90000
  16.00000 -210.00000   21.00000
  17.00000 -193.00000   19.30000
  18.00000 -178.00000   17.80000
  19.00000 -165.00000   16.50000
  20.00000 -154.00000   15.40000
  21.00000 -144.00000   15.00000
  25.00000 -113.00000   15.00000
  30.00000  -85.80000   15.00000
  35.00000  -68.60000   15.00000
  40.00000  -55.60000   15.00000
  45.00000  -45.30000   15.00000
  50.00000  -37.20000   15.00000
  55.00000  -30.00000   15.00000
  60.00000  -23.70000   15.00000
  65.00000  -18.40000   15.00000
  19.26000 -158.50000   15.85000
  20.37000 -145.30000   15.00000
  21.40000 -134.00000   15.00000
  21.71000 -131.20000   15.00000
  22.19000 -126.30000   15.00000
  22.69000 -121.70000   15.00000
  23.26000 -117.30000   15.00000
 295.00000   14.50000    4.00000
 350.00000   15.00000    4.00000
 400.00000   15.30000    4.00000
 450.00000   15.40000    4.00000
 293.15000   15.40000   21.00000
 293.15000   15.40000   21.00000
 296.15000   14.10000    0.50000
 298.15000   14.20000    0.50000
 323.15000   14.70000    0.50000
 348.15000   15.30000    0.50000
 300.00000   14.30000    2.00000
 350.00000   15.00000    2.00000
 400.00000   15.40000    2.00000
 450.00000   15.60000    2.00000
 500.00000   15.60000    2.00000
