 126.83000 -101.80000    2.03600
 128.69000  -98.30000    1.96600
 131.62000  -94.50000    1.89000
 141.88000  -80.70000    1.61400
 151.96000  -69.83000    1.39660
 170.90000  -52.53000    1.05060
 192.05000  -39.12000    1.00000
 222.89000  -24.79000    1.00000
 249.53000  -16.73000    1.00000
 273.15000   -9.19000    1.00000
 293.15000   -5.48000    1.00000
 143.15000  -79.79000    1.59580
 173.15000  -51.86000    1.03720
 223.15000  -26.38000    1.00000
 273.15000  -10.34000    1.00000
 323.15000   -0.26000    1.00000
 373.15000    6.14000    1.00000
 423.15000   11.53000    1.00000
 473.15000   15.34000    1.00000
 573.15000   20.64000    1.00000
 673.15000   23.51000    1.00000
 273.15000  -11.11000    1.00000
 293.15000   -6.27000    1.00000
 273.15000  -10.14000    1.00000
 298.15000   -4.87000    1.00000
 323.15000   -0.50000    1.00000
 348.15000    3.25000    1.00000
 373.15000    6.23000    1.00000
 398.15000    9.04000    1.00000
 423.15000   11.37000    1.00000
 273.15000  -10.27000    1.00000
 298.15000   -4.71000    1.00000
 323.15000   -0.28000    1.00000
 348.15000    3.20000    1.00000
 373.15000    6.56000    1.00000
 398.15000    9.45000    1.00000
 423.15000   12.29000    1.00000
 273.15000  -10.05000    1.00000
 298.15000   -4.46000    1.00000
 323.15000   -0.25000    1.00000
 348.15000    3.38000    1.00000
 373.15000    6.50000    1.00000
 398.15000    9.21000    1.00000
 423.15000   11.51000    1.00000
  80.00000 -265.00000   26.50000
  85.00000 -247.00000   24.70000
  90.00000 -213.00000   21.30000
  95.00000 -174.00000   17.40000
 100.00000 -158.00000   15.80000
 110.00000 -142.00000   15.00000
 125.00000  -90.00000   15.00000
 150.00000  -56.00000   15.00000
 175.00000  -29.00000   15.00000
 200.00000  -34.00000   15.00000
 250.00000  -23.00000   15.00000
  80.00000 -251.00000   25.10000
  85.00000 -223.00000   22.30000
  90.00000 -199.00000   19.90000
  95.00000 -178.00000   17.80000
 100.00000 -161.00000   16.10000
 110.00000 -134.00000   15.00000
 125.00000 -105.00000   15.00000
 150.00000  -71.00000   15.00000
 175.00000  -50.00000   15.00000
 200.00000  -35.00000   15.00000
 250.00000  -16.00000   15.00000
 303.15000   -4.17000    0.06000
 303.15000   -4.13000    0.08000
 303.15000   -4.17000    0.04000
  70.00000 -306.00000   30.60000
  80.00000 -239.00000   23.90000
  90.00000 -193.00000   19.30000
 100.00000 -159.00000   15.90000
 110.00000 -134.00000   15.00000
 120.00000 -113.00000   15.00000
 130.00000  -97.00000   15.00000
 140.00000  -83.00000   15.00000
 150.00000  -72.00000   15.00000
 277.60000   -8.50000    1.00000
 298.20000   -4.84000    1.00000
 310.90000   -2.00000    1.00000
 323.20000   -0.52000    1.00000
 348.20000    3.31000    1.00000
 373.20000    6.19000    1.00000
 398.20000    9.05000    1.00000
 427.60000   11.60000    1.00000
 444.30000   13.10000    1.00000
 460.90000   14.20000    1.00000
 477.60000   15.40000    1.00000
 510.90000   17.40000    1.00000
  90.00000 -201.00000    2.00000
 448.15000   14.26000    1.00000
 523.15000   18.32000    1.00000
 598.15000   20.80000    1.00000
 673.15000   23.41000    1.00000
 748.15000   24.73000    1.00000
 133.15000  -91.95000    1.83900
 143.14000  -79.56000    1.59120
 158.15000  -63.50000    1.27000
 183.15000  -45.35000    1.00000
 223.13000  -25.17000    1.00000
 273.15000   -9.70000    1.00000
 273.15000  -10.56000    1.00000
 223.13000  -26.05000    1.00000
 183.15000  -45.15000    1.00000
 158.15000  -64.14000    1.28280
 143.14000  -76.59000    1.53180
 133.15000  -91.99000    1.83980
 143.15000  -79.45000    1.58900
 163.15000  -59.42000    1.18840
 203.15000  -33.85000    1.00000
 273.15000  -10.26000    1.00000
 311.65000   -2.73000    1.00000
 373.15000    5.97000    1.00000
 103.15000 -148.46000   15.00000
 113.15000 -117.78000   15.00000
 155.89000  -65.95000    0.20000
 181.86000  -45.85000    0.20000
 192.64000  -39.60000    0.20000
 204.61000  -33.60000    0.20000
 204.61000  -33.50000    0.20000
 218.87000  -27.30000    0.20000
 218.87000  -27.30000    0.20000
 234.05000  -21.60000    0.20000
 248.54000  -17.00000    0.20000
 248.54000  -16.90000    0.20000
 263.08000  -12.95000    0.20000
 276.94000   -9.40000    0.20000
 291.41000   -6.20000    0.20000
  75.00000 -302.00000    6.04000
  80.00000 -264.00000    5.28000
  85.00000 -233.00000    4.66000
  90.00000 -207.00000    4.14000
  95.00000 -187.00000    3.74000
 100.00000 -169.00000    3.38000
 110.00000 -140.00000    2.80000
 120.00000 -118.00000    2.36000
 130.00000 -100.00000    2.00000
 140.00000  -86.20000    1.72400
 150.00000  -74.30000    1.48600
 175.00000  -52.00000    1.04000
 200.00000  -36.40000    1.00000
 225.00000  -25.00000    1.00000
 250.00000  -16.30000    1.00000
 275.00000   -9.60000    1.00000
 300.00000   -4.20000    1.00000
 350.00000    3.80000    1.00000
 400.00000    9.50000    1.00000
 450.00000   13.60000    1.00000
 500.00000   16.70000    1.00000
 600.00000   21.20000    1.00000
 700.00000   24.10000    1.00000
  75.00000 -276.10000    0.50000
  80.00000 -243.90000    0.50000
  90.00000 -195.00000    0.40000
 100.00000 -159.80000    0.30000
 110.00000 -133.30000    0.30000
 125.00000 -104.00000    0.40000
 150.00000  -71.50000    0.40000
 200.00000  -35.60000    0.10000
 250.00000  -16.30000    0.10000
 300.00000   -4.50000    0.10000
 400.00000    9.20000    0.10000
 500.00000   16.60000    0.10000
 600.00000   21.10000    0.10000
 700.00000   24.10000    0.10000
  77.30000 -278.00000    7.00000
  87.20000 -222.00000    7.00000
  90.10000 -204.00000    7.00000
  77.30000 -266.00000    4.00000
  77.30000 -265.00000    4.00000
  77.30000 -264.00000    4.00000
 213.00000  -29.50000    2.00000
 223.00000  -25.50000    2.00000
 242.00000  -19.00000    2.00000
 262.00000  -13.30000    2.00000
 276.00000   -9.80000    1.50000
 295.00000   -5.70000    1.50000
 330.00000    0.40000    1.00000
 365.00000    5.20000    1.50000
 400.00000    9.00000    1.50000
 425.00000   11.60000    2.00000
 450.00000   13.40000    2.00000
 475.00000   15.10000    2.00000
 269.30000  -11.20000    0.20000
 273.15000  -10.20000    0.20000
 290.00000   -6.50000    0.20000
 293.15000   -5.90000    0.20000
 310.00000   -2.70000    0.20000
 313.15000   -2.10000    0.20000
 323.15000   -0.40000    0.20000
 330.00000    0.60000    0.20000
 350.00000    3.60000    0.20000
 353.15000    3.90000    0.20000
 249.97000  -15.50000    2.00000
 269.83000  -10.30000    1.00000
 289.64000   -5.90000    0.60000
 310.23000   -2.10000    0.20000
 331.88000    1.30000    0.10000
 350.81000    3.90000    0.20000
 293.15000   -6.00000    0.40000
 313.15000   -2.80000    0.20000
 333.15000    3.00000    0.20000
 273.15000  -10.30000    0.20000
 283.15000   -8.00000    0.20000
 293.15000   -5.90000    0.20000
 303.15000   -4.00000    0.20000
 313.15000   -2.20000    0.20000
 323.15000   -0.60000    0.20000
 300.00000   -4.50000    0.10000
 320.00000   -1.20000    0.10000
 103.15000 -148.60000    1.50000
 113.15000 -118.50000    1.50000
 303.15000   -4.20000    1.50000
 295.20000   -5.30000    0.10000
 308.20000   -2.90000    0.10000
 303.20000   -4.00000   20.00000
 303.15000   -3.50000    0.30000
 290.00000   -6.90000    0.10000
 300.00000   -4.90000    0.10000
 293.15000   -5.50000    3.30000
 293.15000   -5.40000    3.30000
