 273.15000  -21.43000    1.00000
 293.15000  -16.76000    1.00000
 273.15000  -22.14000    1.00000
 323.15000  -10.81000    1.00000
 373.15000   -3.46000    1.00000
 120.60000 -134.83000   15.00000
 127.77000 -121.76000   15.00000
 137.87000 -104.42000   15.00000
 148.21000  -90.40000   15.00000
 154.58000  -82.65000   15.00000
 156.15000  -81.38000   15.00000
 157.15000  -79.77000   15.00000
 159.22000  -78.24000   15.00000
 163.17000  -73.72000   15.00000
 170.67000  -67.51000   15.00000
 193.16000  -51.23000   15.00000
 233.15000  -32.98000   15.00000
 295.21000  -15.50000   15.00000
  80.00000 -339.00000   33.90000
  90.00000 -237.00000   23.70000
 100.00000 -170.00000   17.00000
 125.00000 -112.00000   15.00000
 150.00000  -94.00000   15.00000
 175.00000  -62.00000   15.00000
 200.00000  -42.00000   15.00000
 250.00000  -35.00000   15.00000
 273.15000  -21.89000    1.00000
 298.15000  -16.24000    1.00000
 323.15000  -11.62000    1.00000
 273.15000  -21.80000    1.00000
 298.15000  -16.50000    1.00000
 323.15000  -11.91000    1.00000
 303.00000  -16.60000    5.10000
 333.00000   -7.30000    2.00000
 363.00000   -2.50000    2.30000
  90.00000 -245.00000    2.00000
  85.00000 -267.78000   30.00000
  90.00000 -240.67000   30.00000
  95.00000 -217.51000   30.00000
 100.00000 -197.54000   15.00000
 105.00000 -180.20000   15.00000
 110.00000 -165.05000   15.00000
 115.00000 -151.71000   15.00000
 120.00000 -139.91000    5.00000
 125.00000 -129.41000    5.00000
 130.00000 -120.02000    5.00000
 135.00000 -111.59000    5.00000
 140.00000 -103.98000    1.00000
 145.00000  -97.08000    1.00000
 150.00000  -90.81000    0.25000
 155.00000  -85.09000    0.25000
 160.00000  -79.84000    0.25000
 165.00000  -75.02000    0.25000
 170.00000  -70.58000    0.25000
 175.00000  -66.48000    0.25000
 180.00000  -62.67000    0.25000
 185.00000  -59.14000    0.25000
 190.00000  -55.85000    0.25000
 195.00000  -52.77000    0.25000
 200.00000  -49.89000    0.30000
 205.00000  -47.20000    0.30000
 210.00000  -44.66000    0.30000
 215.00000  -42.27000    0.30000
 220.00000  -40.02000    0.30000
 225.00000  -37.90000    0.30000
 230.00000  -35.89000    0.30000
 235.00000  -33.98000    0.30000
 240.00000  -32.17000    0.30000
 245.00000  -30.45000    0.30000
 250.00000  -28.81000    0.30000
 255.00000  -27.25000    0.30000
 260.00000  -25.77000    0.30000
 265.00000  -24.34000    0.30000
 270.00000  -22.98000    0.30000
 275.00000  -21.68000    0.30000
 280.00000  -20.44000    0.30000
 285.00000  -19.24000    0.30000
 290.00000  -18.09000    0.30000
 295.00000  -16.98000    0.30000
 300.00000  -15.92000    0.30000
  77.30000 -338.00000    6.00000
  87.20000 -253.00000    5.00000
  90.10000 -239.00000    5.00000
  80.00000 -269.00000   20.00000
  90.00000 -217.60000   15.00000
 100.00000 -183.80000   10.00000
 110.00000 -157.50000    8.00000
 120.00000 -136.10000    4.00000
 130.00000 -118.20000    2.00000
 140.00000 -103.30000    1.00000
 150.00000  -90.60000    0.30000
 160.00000  -79.80000    0.30000
 170.00000  -70.60000    0.30000
 180.00000  -62.70000    0.30000
 190.00000  -55.90000    0.30000
 200.00000  -49.90000    0.30000
 210.00000  -44.60000    0.30000
 220.00000  -39.90000    0.30000
 230.00000  -35.80000    0.30000
 240.00000  -32.10000    0.30000
 250.00000  -28.70000    0.30000
 260.00000  -25.70000    0.30000
 270.00000  -22.90000    0.30000
 280.00000  -20.40000    0.30000
 290.00000  -18.10000    0.30000
 300.00000  -15.90000    0.30000
 320.00000  -12.10000    0.30000
 340.00000   -8.70000    0.30000
 360.00000   -5.80000    0.30000
 380.00000   -3.10000    0.30000
 400.00000   -0.70000    0.30000
 420.00000    1.50000    0.30000
 440.00000    3.40000    0.30000
 460.00000    5.30000    0.30000
 480.00000    7.00000    0.30000
 500.00000    8.60000    0.30000
 290.00000  -17.30000    1.00000
 296.20000  -16.40000    1.00000
 300.00000  -15.50000    1.00000
 303.00000  -16.00000    1.00000
 320.00000  -12.00000    1.00000
 353.00000   -6.00000    1.00000
 403.00000    0.20000    1.00000
 455.00000    5.50000    1.00000
 476.00000    6.60000    1.00000
